[[0.      0.      0.      0.      0.      0.      0.      0.      0.
  0.     ]
 [1.      0.12239 0.10593 0.11235 0.11169 0.10599 0.10364 0.11977 0.112
  0.11972]
 [1.      0.21075 0.20563 0.20805 0.21741 0.23695 0.23917 0.2248  0.23533
  0.21884]
 [1.      0.90409 0.28903 0.33421 0.31433 0.29427 0.31402 0.31363 0.31346
  0.32108]
 [1.      0.90017 0.69272 0.3942  0.39479 0.40669 0.38928 0.38578 0.3846
  0.38059]
 [1.      0.87821 0.6234  0.411   0.41585 0.37621 0.38815 0.4342  0.39855
  0.39783]
 [1.      0.88341 0.40074 0.40436 0.41342 0.42919 0.42661 0.38232 0.41146
  0.42003]
 [1.      0.89704 0.69101 0.39522 0.38834 0.39787 0.40063 0.41772 0.40658
  0.42109]
 [1.      0.87349 0.46866 0.38762 0.4174  0.43654 0.3899  0.43693 0.43047
  0.38008]
 [1.      0.91066 0.50119 0.38949 0.43026 0.43129 0.41595 0.41374 0.41732
  0.41937]]